course_code:6
timestamp:Fri Nov 16 21:44:58 CST 2018
method:savetmpontime
answer_25620:2
answer_25687:3|3
repeat_type:2
homework_id:2724
student_id:17932575
answer_33271:1|3|2
answer_33250:2
answer_33231:1|3
lefttime:|0
center_code:01
answer_32964:3
all_type:1|1|1|1|1|1|1|1|1|1|1|1|1|1|1|1|1|1|1|2|2|2|2|2|4|4|4|4|4|4|4|4|4|4|4|4|4|4|4|4|4|4|4|4|4|4
course_url:/jpkc/jtysxtfx
all_ex:25619|25620|25653|25651|25685|25687|25692|32964|33250|33252|33257|33260|33394|33400|33423|33425|33427|33439|33444|33231|33269|33271|33404|33448|32801|32802|32807|32809|32830|32831|32907|32911|32928|32929|32939|32941|32942|32944|32959|32960|32961|33233|33292|33477|33479|33481
answer_25685:3|3
answer_33439:1
class_code:GZ17606